Sample,Longitude,Latitude,bio1,bio2,bio3,bio4,bio5,bio6,bio7,bio8,bio9,bio10,bio11,bio12,bio13,bio14,bio15,bio16,bio17,bio18,bio19
CM59,103.57,31.49,11.1408338546753,10.6949996948242,36.387451171875,668.528625488281,24.9120006561279,-4.48000001907349,29.3920001983643,18.3066673278809,2.37466669082642,18.9799995422363,2.37466669082642,804,152,5,81.6215591430664,409,23,407,23
CM57,103.57,31.49,11.1408338546753,10.6949996948242,36.387451171875,668.528625488281,24.9120006561279,-4.48000001907349,29.3920001983643,18.3066673278809,2.37466669082642,18.9799995422363,2.37466669082642,804,152,5,81.6215591430664,409,23,407,23
CM56,103.57,31.49,11.1408338546753,10.6949996948242,36.387451171875,668.528625488281,24.9120006561279,-4.48000001907349,29.3920001983643,18.3066673278809,2.37466669082642,18.9799995422363,2.37466669082642,804,152,5,81.6215591430664,409,23,407,23
CM55,103.57,31.49,11.1408338546753,10.6949996948242,36.387451171875,668.528625488281,24.9120006561279,-4.48000001907349,29.3920001983643,18.3066673278809,2.37466669082642,18.9799995422363,2.37466669082642,804,152,5,81.6215591430664,409,23,407,23
CM54,103.57,31.49,11.1408338546753,10.6949996948242,36.387451171875,668.528625488281,24.9120006561279,-4.48000001907349,29.3920001983643,18.3066673278809,2.37466669082642,18.9799995422363,2.37466669082642,804,152,5,81.6215591430664,409,23,407,23
CM65,103.81,32.73,-0.136000022292137,10.6426668167114,34.3002014160156,704.014282226562,14.4040002822876,-16.6240005493164,31.0279998779297,8.30200004577637,-9.07466697692871,8.30200004577637,-9.07466697692871,776,127,4,77.3353652954102,361,21,361,21
CM64,103.81,32.73,-0.136000022292137,10.6426668167114,34.3002014160156,704.014282226562,14.4040002822876,-16.6240005493164,31.0279998779297,8.30200004577637,-9.07466697692871,8.30200004577637,-9.07466697692871,776,127,4,77.3353652954102,361,21,361,21
CM63,103.81,32.73,-0.136000022292137,10.6426668167114,34.3002014160156,704.014282226562,14.4040002822876,-16.6240005493164,31.0279998779297,8.30200004577637,-9.07466697692871,8.30200004577637,-9.07466697692871,776,127,4,77.3353652954102,361,21,361,21
CM62,103.81,32.73,-0.136000022292137,10.6426668167114,34.3002014160156,704.014282226562,14.4040002822876,-16.6240005493164,31.0279998779297,8.30200004577637,-9.07466697692871,8.30200004577637,-9.07466697692871,776,127,4,77.3353652954102,361,21,361,21
CM60,103.81,32.73,-0.136000022292137,10.6426668167114,34.3002014160156,704.014282226562,14.4040002822876,-16.6240005493164,31.0279998779297,8.30200004577637,-9.07466697692871,8.30200004577637,-9.07466697692871,776,127,4,77.3353652954102,361,21,361,21
CM39,104.51,34.66,5.38233327865601,10.2039995193481,29.7180805206299,856.26171875,21.4440002441406,-12.8920001983643,34.3359985351562,14.478666305542,-5.83200025558472,15.4259996414185,-5.83200025558472,579,105,3,82.2050094604492,298,11,285,11
CM38,104.51,34.66,5.38233327865601,10.2039995193481,29.7180805206299,856.26171875,21.4440002441406,-12.8920001983643,34.3359985351562,14.478666305542,-5.83200025558472,15.4259996414185,-5.83200025558472,579,105,3,82.2050094604492,298,11,285,11
CM24,104.51,34.66,5.38233327865601,10.2039995193481,29.7180805206299,856.26171875,21.4440002441406,-12.8920001983643,34.3359985351562,14.478666305542,-5.83200025558472,15.4259996414185,-5.83200025558472,579,105,3,82.2050094604492,298,11,285,11
CM23,104.51,34.66,5.38233327865601,10.2039995193481,29.7180805206299,856.26171875,21.4440002441406,-12.8920001983643,34.3359985351562,14.478666305542,-5.83200025558472,15.4259996414185,-5.83200025558472,579,105,3,82.2050094604492,298,11,285,11
CM22,104.51,34.66,5.38233327865601,10.2039995193481,29.7180805206299,856.26171875,21.4440002441406,-12.8920001983643,34.3359985351562,14.478666305542,-5.83200025558472,15.4259996414185,-5.83200025558472,579,105,3,82.2050094604492,298,11,285,11
CM8,103.97,35.84,2.76316666603088,9.6676664352417,28.7181167602539,858.916870117188,18.5559997558594,-15.1079998016357,33.6640014648438,12.0093336105347,-8.31999969482422,12.9246664047241,-8.31999969482422,462,98,1,90.8991851806641,261,5,252,5
CM32,103.97,35.84,2.76316666603088,9.6676664352417,28.7181167602539,858.916870117188,18.5559997558594,-15.1079998016357,33.6640014648438,12.0093336105347,-8.31999969482422,12.9246664047241,-8.31999969482422,462,98,1,90.8991851806641,261,5,252,5
CM31,103.97,35.84,2.76316666603088,9.6676664352417,28.7181167602539,858.916870117188,18.5559997558594,-15.1079998016357,33.6640014648438,12.0093336105347,-8.31999969482422,12.9246664047241,-8.31999969482422,462,98,1,90.8991851806641,261,5,252,5
CM30,103.97,35.84,2.76316666603088,9.6676664352417,28.7181167602539,858.916870117188,18.5559997558594,-15.1079998016357,33.6640014648438,12.0093336105347,-8.31999969482422,12.9246664047241,-8.31999969482422,462,98,1,90.8991851806641,261,5,252,5
CM11,103.97,35.84,2.76316666603088,9.6676664352417,28.7181167602539,858.916870117188,18.5559997558594,-15.1079998016357,33.6640014648438,12.0093336105347,-8.31999969482422,12.9246664047241,-8.31999969482422,462,98,1,90.8991851806641,261,5,252,5
CM10,103.97,35.84,2.76316666603088,9.6676664352417,28.7181167602539,858.916870117188,18.5559997558594,-15.1079998016357,33.6640014648438,12.0093336105347,-8.31999969482422,12.9246664047241,-8.31999969482422,462,98,1,90.8991851806641,261,5,252,5
CM29,111.2637333,37.20483333,6.24766635894775,12.239333152771,30.8918056488037,1006.33703613281,24.6439990997314,-14.9759998321533,39.6199989318848,16.6979999542236,-6.81266641616821,18.0960006713867,-6.81266641616821,506,121,2,100.36206817627,318,9,301,9
CM28,111.2637333,37.20483333,6.24766635894775,12.239333152771,30.8918056488037,1006.33703613281,24.6439990997314,-14.9759998321533,39.6199989318848,16.6979999542236,-6.81266641616821,18.0960006713867,-6.81266641616821,506,121,2,100.36206817627,318,9,301,9
CM27,111.2637333,37.20483333,6.24766635894775,12.239333152771,30.8918056488037,1006.33703613281,24.6439990997314,-14.9759998321533,39.6199989318848,16.6979999542236,-6.81266641616821,18.0960006713867,-6.81266641616821,506,121,2,100.36206817627,318,9,301,9
CM26,111.2637333,37.20483333,6.24766635894775,12.239333152771,30.8918056488037,1006.33703613281,24.6439990997314,-14.9759998321533,39.6199989318848,16.6979999542236,-6.81266641616821,18.0960006713867,-6.81266641616821,506,121,2,100.36206817627,318,9,301,9
CM25,111.2637333,37.20483333,6.24766635894775,12.239333152771,30.8918056488037,1006.33703613281,24.6439990997314,-14.9759998321533,39.6199989318848,16.6979999542236,-6.81266641616821,18.0960006713867,-6.81266641616821,506,121,2,100.36206817627,318,9,301,9
CM53,128.2,41.42,2.55233335494995,12.3666667938232,26.2450485229492,1282.90246582031,24.0200004577637,-23.1000003814697,47.120002746582,17.4566669464111,-14.3673334121704,17.4566669464111,-14.3673334121704,707,158,10,91.4596405029297,425,35,425,35
CM52,128.2,41.42,2.55233335494995,12.3666667938232,26.2450485229492,1282.90246582031,24.0200004577637,-23.1000003814697,47.120002746582,17.4566669464111,-14.3673334121704,17.4566669464111,-14.3673334121704,707,158,10,91.4596405029297,425,35,425,35
CM51,128.2,41.42,2.55233335494995,12.3666667938232,26.2450485229492,1282.90246582031,24.0200004577637,-23.1000003814697,47.120002746582,17.4566669464111,-14.3673334121704,17.4566669464111,-14.3673334121704,707,158,10,91.4596405029297,425,35,425,35
CM6,117.76,41.94,6.10949993133545,12.9963331222534,28.5207443237305,1232.95056152344,27.5240001678467,-18.0440006256104,45.568000793457,20.6026668548584,-9.78666687011719,20.6026668548584,-9.78666687011719,424,128,1,118.062187194824,299,6,299,6
CM5,117.76,41.94,6.10949993133545,12.9963331222534,28.5207443237305,1232.95056152344,27.5240001678467,-18.0440006256104,45.568000793457,20.6026668548584,-9.78666687011719,20.6026668548584,-9.78666687011719,424,128,1,118.062187194824,299,6,299,6
CM4,117.76,41.94,6.10949993133545,12.9963331222534,28.5207443237305,1232.95056152344,27.5240001678467,-18.0440006256104,45.568000793457,20.6026668548584,-9.78666687011719,20.6026668548584,-9.78666687011719,424,128,1,118.062187194824,299,6,299,6
CM34,117.76,41.94,6.10949993133545,12.9963331222534,28.5207443237305,1232.95056152344,27.5240001678467,-18.0440006256104,45.568000793457,20.6026668548584,-9.78666687011719,20.6026668548584,-9.78666687011719,424,128,1,118.062187194824,299,6,299,6
CM33,117.76,41.94,6.10949993133545,12.9963331222534,28.5207443237305,1232.95056152344,27.5240001678467,-18.0440006256104,45.568000793457,20.6026668548584,-9.78666687011719,20.6026668548584,-9.78666687011719,424,128,1,118.062187194824,299,6,299,6
CM50,126.42,41.95,4.94133329391479,12.8319997787476,25.5658264160156,1359.07006835938,27.2080001831055,-22.9839992523193,50.1920013427734,20.7386665344238,-13.1086664199829,20.7386665344238,-13.1086664199829,854,214,10,96.6404113769531,526,37,526,37
CM49,126.42,41.95,4.94133329391479,12.8319997787476,25.5658264160156,1359.07006835938,27.2080001831055,-22.9839992523193,50.1920013427734,20.7386665344238,-13.1086664199829,20.7386665344238,-13.1086664199829,854,214,10,96.6404113769531,526,37,526,37
CM48,126.42,41.95,4.94133329391479,12.8319997787476,25.5658264160156,1359.07006835938,27.2080001831055,-22.9839992523193,50.1920013427734,20.7386665344238,-13.1086664199829,20.7386665344238,-13.1086664199829,854,214,10,96.6404113769531,526,37,526,37
CM47,126.42,41.95,4.94133329391479,12.8319997787476,25.5658264160156,1359.07006835938,27.2080001831055,-22.9839992523193,50.1920013427734,20.7386665344238,-13.1086664199829,20.7386665344238,-13.1086664199829,854,214,10,96.6404113769531,526,37,526,37
CM46,126.42,41.95,4.94133329391479,12.8319997787476,25.5658264160156,1359.07006835938,27.2080001831055,-22.9839992523193,50.1920013427734,20.7386665344238,-13.1086664199829,20.7386665344238,-13.1086664199829,854,214,10,96.6404113769531,526,37,526,37
CM45,126.42,41.95,4.94133329391479,12.8319997787476,25.5658264160156,1359.07006835938,27.2080001831055,-22.9839992523193,50.1920013427734,20.7386665344238,-13.1086664199829,20.7386665344238,-13.1086664199829,854,214,10,96.6404113769531,526,37,526,37
CM21,118.9,42.31,7.52333307266235,12.9580001831055,28.4791221618652,1257.06701660156,28.507999420166,-16.992000579834,45.5,22.1753330230713,-6.50799989700317,22.1753330230713,-8.70133304595947,363,106,1,110.734672546387,246,6,246,6
CM20,118.9,42.31,7.52333307266235,12.9580001831055,28.4791221618652,1257.06701660156,28.507999420166,-16.992000579834,45.5,22.1753330230713,-6.50799989700317,22.1753330230713,-8.70133304595947,363,106,1,110.734672546387,246,6,246,6
CM19,118.9,42.31,7.52333307266235,12.9580001831055,28.4791221618652,1257.06701660156,28.507999420166,-16.992000579834,45.5,22.1753330230713,-6.50799989700317,22.1753330230713,-8.70133304595947,363,106,1,110.734672546387,246,6,246,6
CM18,118.9,42.31,7.52333307266235,12.9580001831055,28.4791221618652,1257.06701660156,28.507999420166,-16.992000579834,45.5,22.1753330230713,-6.50799989700317,22.1753330230713,-8.70133304595947,363,106,1,110.734672546387,246,6,246,6
CM17,118.9,42.31,7.52333307266235,12.9580001831055,28.4791221618652,1257.06701660156,28.507999420166,-16.992000579834,45.5,22.1753330230713,-6.50799989700317,22.1753330230713,-8.70133304595947,363,106,1,110.734672546387,246,6,246,6
CM16,127.2,45.43,3.40249967575073,11.8023328781128,22.8055591583252,1474.48583984375,26.5799999237061,-25.1720008850098,51.7519989013672,20.4766654968262,-15.9993333816528,20.4766654968262,-15.9993333816528,572,163,3,108.458518981934,377,13,377,13
CM15,127.2,45.43,3.40249967575073,11.8023328781128,22.8055591583252,1474.48583984375,26.5799999237061,-25.1720008850098,51.7519989013672,20.4766654968262,-15.9993333816528,20.4766654968262,-15.9993333816528,572,163,3,108.458518981934,377,13,377,13
CM14,127.2,45.43,3.40249967575073,11.8023328781128,22.8055591583252,1474.48583984375,26.5799999237061,-25.1720008850098,51.7519989013672,20.4766654968262,-15.9993333816528,20.4766654968262,-15.9993333816528,572,163,3,108.458518981934,377,13,377,13
CM13,127.2,45.43,3.40249967575073,11.8023328781128,22.8055591583252,1474.48583984375,26.5799999237061,-25.1720008850098,51.7519989013672,20.4766654968262,-15.9993333816528,20.4766654968262,-15.9993333816528,572,163,3,108.458518981934,377,13,377,13
CM12,127.2,45.43,3.40249967575073,11.8023328781128,22.8055591583252,1474.48583984375,26.5799999237061,-25.1720008850098,51.7519989013672,20.4766654968262,-15.9993333816528,20.4766654968262,-15.9993333816528,572,163,3,108.458518981934,377,13,377,13
CM44,128.88,46.95,1.20166671276093,12.3846664428711,23.3920116424561,1496.20581054688,25.2800006866455,-27.6639995574951,52.9440002441406,18.5633335113525,-18.3453330993652,18.5633335113525,-18.3453330993652,628,159,4,105.265495300293,408,16,408,16
CM43,128.88,46.95,1.20166671276093,12.3846664428711,23.3920116424561,1496.20581054688,25.2800006866455,-27.6639995574951,52.9440002441406,18.5633335113525,-18.3453330993652,18.5633335113525,-18.3453330993652,628,159,4,105.265495300293,408,16,408,16
CM42,128.88,46.95,1.20166671276093,12.3846664428711,23.3920116424561,1496.20581054688,25.2800006866455,-27.6639995574951,52.9440002441406,18.5633335113525,-18.3453330993652,18.5633335113525,-18.3453330993652,628,159,4,105.265495300293,408,16,408,16
CM41,128.88,46.95,1.20166671276093,12.3846664428711,23.3920116424561,1496.20581054688,25.2800006866455,-27.6639995574951,52.9440002441406,18.5633335113525,-18.3453330993652,18.5633335113525,-18.3453330993652,628,159,4,105.265495300293,408,16,408,16
CM40,128.88,46.95,1.20166671276093,12.3846664428711,23.3920116424561,1496.20581054688,25.2800006866455,-27.6639995574951,52.9440002441406,18.5633335113525,-18.3453330993652,18.5633335113525,-18.3453330993652,628,159,4,105.265495300293,408,16,408,16
CM37,127.53,50.24,0.982166707515717,11.6636667251587,21.0641956329346,1630.43334960938,26.8279991149902,-28.5440006256104,55.3720016479492,19.8339996337891,-15.9186668395996,19.8339996337891,-20.3199996948242,546,130,5,97.9702377319336,337,20,337,21
CM36,127.53,50.24,0.982166707515717,11.6636667251587,21.0641956329346,1630.43334960938,26.8279991149902,-28.5440006256104,55.3720016479492,19.8339996337891,-15.9186668395996,19.8339996337891,-20.3199996948242,546,130,5,97.9702377319336,337,20,337,21
CM35,127.53,50.24,0.982166707515717,11.6636667251587,21.0641956329346,1630.43334960938,26.8279991149902,-28.5440006256104,55.3720016479492,19.8339996337891,-15.9186668395996,19.8339996337891,-20.3199996948242,546,130,5,97.9702377319336,337,20,337,21
CM3,127.53,50.24,0.982166707515717,11.6636667251587,21.0641956329346,1630.43334960938,26.8279991149902,-28.5440006256104,55.3720016479492,19.8339996337891,-15.9186668395996,19.8339996337891,-20.3199996948242,546,130,5,97.9702377319336,337,20,337,21
CM2,127.53,50.24,0.982166707515717,11.6636667251587,21.0641956329346,1630.43334960938,26.8279991149902,-28.5440006256104,55.3720016479492,19.8339996337891,-15.9186668395996,19.8339996337891,-20.3199996948242,546,130,5,97.9702377319336,337,20,337,21
CM1,127.53,50.24,0.982166707515717,11.6636667251587,21.0641956329346,1630.43334960938,26.8279991149902,-28.5440006256104,55.3720016479492,19.8339996337891,-15.9186668395996,19.8339996337891,-20.3199996948242,546,130,5,97.9702377319336,337,20,337,21
